52.60703311039417
53.079582155133046
59.960183450510655
37.21699901660947
58.488603206838455
24.356338932658293
96.32095827279667
50.249630747379896
44.33727269567406
58.15098896756797
63.71415152889499
68.29477273587337
36.699081463573414
42.03760405488597
17.417314431604353
22.145729232211128
21.358399024322427
19.649446010920823
25.31624957317135
34.428059045196434
73.46140222784044
37.229063937757275
38.4686146272498
63.5091385125338
28.923786459727673
44.570799588078614
21.94632159963775
23.704427299795146
23.009058488570457
36.894349142991786
65.65564926627114
73.91580494566536
51.57824361480978
38.28299971260111
64.87325804887635
22.67702372095584
41.88314221849911
19.60145261550587
26.90022799860576
34.17870491606243
69.10468350305773
74.8781331357345