33.29187352444192
19.033806904138423
12.910606353256183
13.215977750475549
38.76766289270103
28.52708570273458
33.612698492267974
20.989889981555997
13.543386824373895
11.613365141664223
20.620046380877046
14.788404630532273
12.619196909654894
28.426923952276404
31.15022007115679
20.707274889572442
19.769788575259426
29.204343136608898
9.123645319643073
26.987455504867107
15.142948469641153
13.521462547753556
11.497983215258596
17.54410057155736
12.117021232847728
15.580267702425246
34.21594309816732
14.834592313494774
23.56621698748923
20.282493746200835
48.719281184356575
10.499969008940258
11.182884923096747
25.21702556951629
14.937754191120993
9.563811337501296
13.058798159924942
26.117692688116982
28.30576255723788
20.297495512279923
15.27952341165948
21.271949652617852
